de starts...crossover factor is 
0.6957627118644069
0.6957627118644069
0.6957627118644069
0.6957627118644069
0.6957627118644069
0.6957627118644069
0.6957627118644069
0.6957627118644069
0.6957627118644069
0.6764969719052103
de starts...crossover factor is 
0.8749999976327836
0.8749715250961375
0.6957627118644069
0.6957627118644069
0.6957627118644069
0.6957627118644069
0.6957627118644069
0.6957627118644069
0.6957627118644069
0.6957627118644069
de starts...crossover factor is 
0.8749999775603534
0.8749966109432971
0.8715897452690655
0.8589575390537418
0.6957627118644069
0.6957627118644069
0.6957627118644069
0.6957627118644069
0.6957627118644069
0.6957627118644069
de starts...crossover factor is 
0.8749999673863497
0.8749853043230676
0.8733789213573349
0.8526063075592205
0.854979118156272
0.7315020624562415
0.7717446549107292
0.6984245402870934
0.6957627118644069
0.6957627118644069
de starts...crossover factor is 
0.8749997684422555
0.8748850662326294
0.6957627118644069
0.6957627118644069
0.6957627118644069
0.6957627118644069
0.6957627118644069
0.6943270276769025
0.6957627118644069
0.6957627118644069
