de starts...mutation factor is 
1.0135593220338983
1.0135593220338983
1.0135593220338983
1.0135593220338983
1.0135593220338983
1.0135593220338983
1.0135593220338983
1.0135593220338983
1.0135593220338983
0.9805030402538346
de starts...mutation factor is 
1.4999999932536838
1.4999188511791304
1.0135593220338983
1.0135593220338983
1.0135593220338983
1.0135593220338983
1.0135593220338983
1.0135593220338983
1.0135593220338983
1.0135593220338983
de starts...mutation factor is 
1.4999999360493799
1.4999903415699574
1.4903039682233503
1.4547333164027143
1.0135593220338983
1.0135593220338983
1.0135593220338983
1.0135593220338983
1.0135593220338983
1.0135593220338983
de starts...mutation factor is 
1.499999907054546
1.4999581193124332
1.495385346143414
1.437019927536412
1.443625876358386
1.1096157632596606
1.2171438805599037
1.0207998490313108
1.0135593220338983
1.0135593220338983
de starts...mutation factor is 
1.4999993400850142
1.4996724776912234
1.0135593220338983
1.0135593220338983
1.0135593220338983
1.0135593220338983
1.0135593220338983
1.0111072299762383
1.0135593220338983
1.0135593220338983
